,,1 validation,2 validation,3 validation,4 validation,5 validation
9.094947017729282e-13,128.0,452.6565208818946,2279.24995008611,3483.3049698599234,797.2464689228404,2311.7714215278743
9.094947017729282e-13,181.01933598375618,256.4814268942558,452.0081044099247,1539.176832852161,809.842460842591,836.1302261337147
9.094947017729282e-13,256.0,104.57181492242346,38.34855651149809,847.7399106906564,40.04777968951072,215.69098653558953
9.094947017729282e-13,362.03867196751236,62.94245763622924,26.118897026320564,244.2154735460467,61.40324289888845,68.73092173587331
9.094947017729282e-13,512.0,45.02683051448382,23.95829551792461,109.10290753696823,28.36431873198766,38.88571813030585
9.094947017729282e-13,724.0773439350247,26.242929847875104,19.39147173128177,44.72907509769611,18.445890171841935,19.769221731257126
9.094947017729282e-13,1024.0,25.099313034492344,16.043768070995878,34.75603856189595,13.019220646891428,8.815700908793557
9.094947017729282e-13,1448.1546878700494,24.992157948449236,15.590020280163495,32.02848449616039,12.65550977941141,6.472407819248571
9.094947017729282e-13,2048.0,22.63554942397483,15.923268229842002,27.863262318599915,12.595276723924822,7.02155264205758
9.094947017729282e-13,2896.309375740099,21.612020370722362,16.809455471114966,24.904297501657545,11.588906219607079,7.411381755031121
9.094947017729282e-13,4096.0,21.76193160795306,17.727349154827508,21.487634093709055,11.618666246929296,8.34287014044315
9.094947017729282e-13,5792.618751480198,21.653554540157927,18.935851000962344,17.219457882831975,11.91554788517054,10.037079750750157
9.094947017729282e-13,8192.0,22.483431830596036,21.672949774368984,15.769725056902473,13.255648008691622,13.482170301099005
1.8189894035458565e-12,128.0,337.3096258046055,1716.146876137932,3196.5505147860777,677.0870114521365,1715.3784889777253
1.8189894035458565e-12,181.01933598375618,161.2636875096523,160.80632855349424,1263.1956437152805,472.29425731079453,568.121142506141
1.8189894035458565e-12,256.0,94.33437690348309,32.800658411987094,501.7021618529601,44.30101286675578,139.40829019611095
1.8189894035458565e-12,362.03867196751236,44.961144116573195,24.652960559775096,184.01214301702916,48.59952958286224,51.80227524632608
1.8189894035458565e-12,512.0,37.896070610136505,22.921676989577406,74.25352861751375,22.801121594739236,30.585439434337466
1.8189894035458565e-12,724.0773439350247,24.942710299197376,17.738541868409712,39.92604369204513,16.029661069232017,14.22582739643527
1.8189894035458565e-12,1024.0,25.3406970231151,15.775212379678676,34.20023291922615,12.69376376212485,7.101589948936637
1.8189894035458565e-12,1448.1546878700494,24.28891970197271,15.69831141484946,30.5085326436193,12.7878532418323,6.561769703086788
1.8189894035458565e-12,2048.0,21.89331663412812,16.178696720484023,26.2499509746623,12.142864196552905,7.1263241143817115
1.8189894035458565e-12,2896.309375740099,21.632629770625744,17.171782850732,23.30154976049648,11.542676532506064,7.722087774181035
1.8189894035458565e-12,4096.0,21.691618657001424,18.153800314708715,19.2023406632745,11.722667578232377,8.992315609191683
1.8189894035458565e-12,5792.618751480198,21.803060196959603,20.060728329164593,15.841212453196905,12.371919223049769,11.530182465290592
1.8189894035458565e-12,8192.0,23.529099763878786,23.669008995962212,16.945028368427238,14.592832510877557,15.703161587985074
3.637978807091713e-12,128.0,238.83268846818933,1058.3743424734457,2669.0258415282874,582.7402156351751,1261.4730613289244
3.637978807091713e-12,181.01933598375618,97.00454939320434,55.21149346685,936.6291910131806,223.57262657730254,362.3019723536711
3.637978807091713e-12,256.0,76.80715566303057,29.780380521919113,273.63711764173974,42.55450511879636,90.41519192136846
3.637978807091713e-12,362.03867196751236,37.74205377455114,24.372059467928267,139.17690630253006,36.67881345227475,39.12906662943773
3.637978807091713e-12,512.0,31.75363723995437,21.06089367174929,54.91740207065574,19.771324900160135,23.5010708656416
3.637978807091713e-12,724.0773439350247,24.93568206536684,16.60888119432559,37.43249437524209,14.142249621183852,10.2631315888508
3.637978807091713e-12,1024.0,25.33918909509209,15.757468527052993,33.4801500463797,12.647643083722645,6.383584879046115
3.637978807091713e-12,1448.1546878700494,23.261601592548356,15.815436602135101,28.536860573567445,12.802433516627046,6.7766000881327795
3.637978807091713e-12,2048.0,21.523382252659136,16.49355414104982,24.709092769427542,11.733376837878733,7.269140579197359
3.637978807091713e-12,2896.309375740099,21.680134390105962,17.538853837747762,21.31061648687052,11.589430323030662,8.202633682531246
3.637978807091713e-12,4096.0,21.644125729797793,18.870128447300214,17.130658943123954,11.954815705246752,10.025480259323116
3.637978807091713e-12,5792.618751480198,22.336987837952982,21.63352016463054,15.592118470808217,13.206047505359246,13.459178893393931
3.637978807091713e-12,8192.0,24.952389812848757,25.816594550521206,19.100663681294,16.232315175495756,18.021766395941633
7.275957614183426e-12,128.0,163.34543719394702,499.73032136137823,1907.59166116764,481.9781042613586,886.465443292925
7.275957614183426e-12,181.01933598375618,62.79265567512044,32.126399955654854,605.8916347217855,93.90643586957262,220.00226429243207
7.275957614183426e-12,256.0,56.677912584467435,27.601192281108446,168.41055813193432,40.0858177912563,60.423196949559376
7.275957614183426e-12,362.03867196751236,34.583382705043476,23.917847482943426,99.60355311641189,27.45271165848932,29.944737971412966
7.275957614183426e-12,512.0,27.60255207630523,19.045322607826687,45.72913335697627,17.731820115207793,17.051965625637806
7.275957614183426e-12,724.0773439350247,25.30131144733304,16.061710028171426,36.16857339927408,13.19444652996812,7.76973605276347
7.275957614183426e-12,1024.0,24.87963409924011,15.807498949913846,32.028426061285565,12.733999049132558,6.307905955229683
7.275957614183426e-12,1448.1546878700494,22.258209596174424,15.975948979709194,26.547128764873772,12.55408923260157,6.967831349828009
7.275957614183426e-12,2048.0,21.46619867499083,16.857944344384237,23.043049291419777,11.544089673225482,7.543533600379001
7.275957614183426e-12,2896.309375740099,21.68423888493256,18.017659877087677,19.08922587150769,11.717778000180681,8.915082155110985
7.275957614183426e-12,4096.0,21.769742404282855,19.984963113042134,15.7177920650723,12.422289030005825,11.549149032089966
7.275957614183426e-12,5792.618751480198,23.387381000117532,23.579837688268956,16.713017115320014,14.483189180034854,15.70703831315457
7.275957614183426e-12,8192.0,26.447218245466107,27.696434255476753,21.328584339399583,17.82307678695884,20.13403617972116
1.4551915228366852e-11,128.0,111.80574023785074,177.26840626476218,1169.0378247984981,369.2527220672209,579.9230976984472
1.4551915228366852e-11,181.01933598375618,48.89819886560665,29.372049733545055,333.2669068300594,44.12321860937473,130.5639261322656
1.4551915228366852e-11,256.0,41.803527823754635,26.24029686970521,127.61476192457737,36.801999716844556,41.75491109317928
1.4551915228366852e-11,362.03867196751236,32.38032987452505,22.57835040384974,69.99655167879155,21.75639902128778,23.401896115721094
1.4551915228366852e-11,512.0,25.933805647621256,17.39514665479172,41.20621047916406,15.975747173450994,11.947478884340725
1.4551915228366852e-11,724.0773439350247,25.55477392741769,15.926582978349021,35.228843693905134,12.900495900165833,6.526773324777217
1.4551915228366852e-11,1024.0,23.95235493966886,15.846453214688367,29.901058139553285,12.83234062804955,6.526746140343411
1.4551915228366852e-11,1448.1546878700494,21.580993198618504,16.209039746090223,24.680722420320137,12.101935568272557,7.1356235406091475
1.4551915228366852e-11,2048.0,21.562690463808647,17.27569369240389,21.09882982165368,11.547937504032873,8.02953888505982
1.4551915228366852e-11,2896.309375740099,21.67927916018258,18.745472366078758,17.025745398742657,11.985982843501533,10.014497073361154
1.4551915228366852e-11,4096.0,22.281515210408397,21.530599634020717,15.40698854619325,13.232718374208694,13.515194680612973
1.4551915228366852e-11,5792.618751480198,24.872949567185426,25.666278479518482,18.829347205275088,16.098823490456496,18.092852087455668
1.4551915228366852e-11,8192.0,27.749651633639733,29.011555330047287,22.93519331477831,19.056941910869963,21.83070116741656
2.9103830456733704e-11,128.0,81.82093202683379,57.77194317828536,628.2105299997402,252.46589023568012,348.34640972030024
2.9103830456733704e-11,181.01933598375618,44.124625678217555,28.56919286597028,172.54702259609843,31.290154339621882,78.44543887493609
2.9103830456733704e-11,256.0,34.06874941782002,25.188475266490606,103.99092575310834,31.615370968064365,29.6118839619519
2.9103830456733704e-11,362.03867196751236,30.09224319449616,20.582751723325703,53.656434113076934,18.87589473568748,18.003253774352384
2.9103830456733704e-11,512.0,25.787641832257986,16.39634532018604,38.805352912635946,14.538370229167903,8.599369067418484
2.9103830456733704e-11,724.0773439350247,25.38043012582588,15.944351510349316,33.905939985251315,12.860368974905516,6.187061996122881
2.9103830456733704e-11,1024.0,22.82346459954983,15.898196571090402,27.489850780357873,12.803240346121457,6.800680910251233
2.9103830456733704e-11,1448.1546878700494,21.33030495025369,16.52454921256596,22.833878669611103,11.702637422667971,7.3835776357124985
2.9103830456733704e-11,2048.0,21.66740999327515,17.804580266578,18.947933573391257,11.686627993910014,8.805406300593658
2.9103830456733704e-11,2896.309375740099,21.824351387864866,19.83537528369317,15.568610295641426,12.494501884030786,11.61071998001768
2.9103830456733704e-11,4096.0,23.33262183990684,23.436004334835463,16.449369092209743,14.452484625822782,15.822339748507792
2.9103830456733704e-11,5792.618751480198,26.479467752993695,27.514988849466235,21.051657881622226,17.724962045182465,20.32753387639396
2.9103830456733704e-11,8192.0,28.815672185588625,29.79409163307664,23.796886643737476,19.869977391327573,23.13658413395241
5.820766091346741e-11,128.0,68.63552660963062,31.432918069398518,299.83853987654874,151.27576103775428,192.1457633720938
5.820766091346741e-11,181.01933598375618,41.344402811999174,27.489499438959704,115.12308738374416,30.772346325777374,49.212686523282876
5.820766091346741e-11,256.0,30.887993154819945,23.883062238941534,82.89272556711558,26.073101791706975,21.572214292782355
5.820766091346741e-11,362.03867196751236,28.315495803878335,18.5412227691329,46.223204771722166,17.445752263464918,13.087492387375747
5.820766091346741e-11,512.0,26.069254309357895,16.019908386813576,37.362719843508486,13.727706429125083,6.786694742813927
5.820766091346741e-11,724.0773439350247,24.654974236358022,15.951216659301432,31.878547668544208,12.89759660487169,6.325199256459268
5.820766091346741e-11,1024.0,21.85326877714036,16.014239391733938,25.11612829291651,12.53067140283323,7.032303756511454
5.820766091346741e-11,1448.1546878700494,21.4064655017385,16.940952813462154,20.86939940743557,11.54413532094559,7.8536469729334035
5.820766091346741e-11,2048.0,21.757400412095915,18.544854029860566,16.893867137280175,11.993066411895672,10.003042793820558
5.820766091346741e-11,2896.309375740099,22.352444973383395,21.34201896167454,15.183652409971087,13.332040659850541,13.672034893328913
5.820766091346741e-11,4096.0,24.862189066378605,25.48636507450373,18.499842568794044,16.018745097410342,18.30249098482703
5.820766091346741e-11,5792.618751480198,27.908624609859718,28.868171386279187,22.687014430436072,19.04355596013477,22.178845754242932
5.820766091346741e-11,8192.0,29.71418217429246,30.265802476123167,24.082688742976558,20.34391206279497,24.174760421906416
1.1641532182693481e-10,128.0,64.0860730011452,28.8160769554293,136.777322281544,83.46798840135465,100.94718276003422
1.1641532182693481e-10,181.01933598375618,38.45533546526796,26.256477854110667,104.12080603687046,30.90455675771678,32.598240371671736
1.1641532182693481e-10,256.0,29.70530310971272,22.05404210531744,66.63295382590297,21.73712668801486,16.11890496439192
1.1641532182693481e-10,362.03867196751236,27.54305365750045,16.997233389675383,42.34865481152407,16.49448713166257,9.251807402313494
1.1641532182693481e-10,512.0,26.102221748411132,15.990962629017577,36.039459233055034,13.426784668835536,6.138660560388956
1.1641532182693481e-10,724.0773439350247,23.552774106028895,15.923920929018038,29.227762061947043,12.92930032474792,6.6288171508672935
1.1641532182693481e-10,1024.0,21.307596509501668,16.226064076713058,22.874181126196095,12.08055386660809,7.28196574108027
1.1641532182693481e-10,1448.1546878700494,21.622174297493295,17.495038947950192,18.77075110389045,11.636630049840045,8.685401499130629
1.1641532182693481e-10,2048.0,21.981160432998735,19.610323931126963,15.378378867982118,12.568242209403607,11.727669320568655
1.1641532182693481e-10,2896.309375740099,23.43166652786479,23.232541230858143,16.15470715386957,14.546015959131081,16.10264619770364
1.1641532182693481e-10,4096.0,26.562691113408533,27.355604344745817,20.710239643491157,17.662968256048533,20.66498937366841
1.1641532182693481e-10,5792.618751480198,29.07339488612429,29.75697348954756,23.568986592530845,19.958568666488834,23.601964353035896
1.1641532182693481e-10,8192.0,30.48909802558539,30.617999066284906,23.933639065036132,20.560955664427468,25.01854189058457
2.3283064365386963e-10,128.0,60.05758520093688,28.278620879767747,89.12638542102108,49.88409508392913,54.862565871225605
2.3283064365386963e-10,181.01933598375618,35.494571903292716,24.816041878536147,97.88607637137122,28.239539892701515,22.556864205969134
2.3283064365386963e-10,256.0,29.225760943938248,19.886632057612808,56.42511460766061,18.887463103718968,12.138517032968435
2.3283064365386963e-10,362.03867196751236,27.391176288383072,16.169092462748637,39.86899134567672,15.655402912634395,6.985543465689094
2.3283064365386963e-10,512.0,25.55562791917444,16.02590730570848,34.22919639113186,13.305380554796997,6.18098431899756
2.3283064365386963e-10,724.0773439350247,22.406939102545977,15.92208631988133,26.31049503480475,12.83501778669794,6.941343055714683
2.3283064365386963e-10,1024.0,21.247117073491047,16.569103232498005,20.717758416116624,11.70839781891722,7.734490740216166
2.3283064365386963e-10,1448.1546878700494,21.874083912537948,18.253558480887296,16.72330463340362,11.977720653517341,10.020313621308887
2.3283064365386963e-10,2048.0,22.57907559993455,21.09508690325991,14.920677864156072,13.492848462965624,13.958750648572657
2.3283064365386963e-10,2896.309375740099,24.993867040322552,25.327609841654557,18.162383039340067,16.081892278208155,18.71094900321441
2.3283064365386963e-10,4096.0,28.10065722288727,28.81352789732975,22.37566950348125,19.070666346028332,22.630016168607995
2.3283064365386963e-10,5792.618751480198,30.01572454704998,30.356232829930757,23.785736969045306,20.504515386420827,24.667059681522822
2.3283064365386963e-10,8192.0,31.156162363763695,30.953785665030143,23.41529516868654,20.608782813506874,25.70829835354841
4.656612873077393e-10,128.0,53.96732311604273,26.735056960316353,98.18377444114995,37.4337067718607,33.304852724639524
4.656612873077393e-10,181.01933598375618,33.24962568261273,23.089029157879917,88.73418998202224,24.325373338290447,16.0180366983255
4.656612873077393e-10,256.0,28.936656559578118,17.924572268591064,49.746799837119624,17.222067523288985,9.104924311382312
4.656612873077393e-10,362.03867196751236,27.243590822066874,15.922511469924261,38.13837804204552,14.957815034399333,6.061223897428693
4.656612873077393e-10,512.0,24.4968146559074,15.983951663258896,31.620944252595148,13.221035846809047,6.48815399513111
4.656612873077393e-10,724.0773439350247,21.55990184294529,16.008705822609617,23.486636351480026,12.518606651507273,7.256546290662153
4.656612873077393e-10,1024.0,21.535452623530734,17.09693067347101,18.57617270252006,11.641740217897034,8.618553777420303
4.656612873077393e-10,1448.1546878700494,22.25600082522149,19.33403524200864,15.154075704175495,12.649012848268494,11.942495151351094
4.656612873077393e-10,2048.0,23.70787544455638,23.027482081992705,15.856412918976007,14.776956460203278,16.569187568224425
4.656612873077393e-10,2896.309375740099,26.72016155621903,27.30252093598112,20.349381895990135,17.710481781887395,21.154028484389674
4.656612873077393e-10,4096.0,29.33335074450339,29.841970399358598,23.225102080592993,20.07713243773653,24.089887441247747
4.656612873077393e-10,5792.618751480198,30.797359885771492,30.82721072619555,23.436396278980805,20.746007643374117,25.48396357824416
4.656612873077393e-10,8192.0,31.753557473377942,31.359661993903302,22.61251811812388,20.597264813893993,26.310629337435664
9.313225746154785e-10,128.0,47.129757555384465,24.841837822274176,112.19683879346404,32.619362151706454,22.75327449550798
9.313225746154785e-10,181.01933598375618,32.281407570935116,21.08186982787236,80.15667490392005,21.145621997557637,11.660458655043504
9.313225746154785e-10,256.0,28.65519043956678,16.599836682750382,44.76330529067678,16.31993001727847,7.05837528956868
9.313225746154785e-10,362.03867196751236,26.69193415685628,15.944951111036216,36.54004726694051,14.445926826726451,5.979150557937693
9.313225746154785e-10,512.0,23.247152098267403,15.883262658279317,28.329907610023064,13.127844222295408,6.851878295310001
9.313225746154785e-10,724.0773439350247,21.249934952062105,16.238319355352814,20.903885019477727,12.090779614676665,7.750463477142558
9.313225746154785e-10,1024.0,22.003957213186236,17.88754837326956,16.512610609417703,11.979200024034256,10.128638694539113
9.313225746154785e-10,1448.1546878700494,22.969152598080264,20.86988801240147,14.659859162379846,13.710568243064559,14.395051691247179
9.313225746154785e-10,2048.0,25.2711582828747,25.249239826065264,17.848957883255018,16.322063454467035,19.289149398924863
9.313225746154785e-10,2896.309375740099,28.28159855808583,28.89039193711777,21.954436666014402,19.138546441756986,23.122946990422747
9.313225746154785e-10,4096.0,30.300458939040574,30.57179322897204,23.267236844203442,20.66811589365488,25.137686773358993
9.313225746154785e-10,5792.618751480198,31.488083317589485,31.310931543160237,22.663774219151584,20.80300662544788,26.1744567003836
9.313225746154785e-10,8192.0,32.35092138609243,31.954077537883563,21.71194698875997,20.610137740503067,26.899784233682574
1.862645149230957e-09,128.0,40.82160007252761,23.15444618144793,110.25439763005238,28.84418026909613,16.72468309831034
1.862645149230957e-09,181.01933598375618,31.801805881907498,19.042526820972768,71.45325959776191,18.99586526358148,8.894707510392365
1.862645149230957e-09,256.0,28.218453474251017,15.959725402171571,41.12732690947808,15.841722215597553,6.095946339500228
1.862645149230957e-09,362.03867196751236,25.638241044111734,15.958219563581094,34.30366066108427,14.06678341451085,6.308438468907508
1.862645149230957e-09,512.0,22.166253976035037,15.83925883903158,24.837264212331647,12.92733905059154,7.264153570963723
1.862645149230957e-09,724.0773439350247,21.49588364758199,16.702809153068593,18.51620348165866,11.86170485059014,8.721968515647278
1.862645149230957e-09,1024.0,22.620690061982742,19.06266743554374,14.923860812473949,12.765101560068514,12.295661878181653
1.862645149230957e-09,1448.1546878700494,24.127084003431392,22.910441629861353,15.594689505144439,15.109539503590698,17.172502018568064
1.862645149230957e-09,2048.0,26.94232822232625,27.3794632225317,19.946980488135484,17.89324883045943,21.72978708918158
1.862645149230957e-09,2896.309375740099,29.54546559742416,30.049730290433217,22.640523725035532,20.180080833073088,24.556030256319573
1.862645149230957e-09,4096.0,31.116518442854925,31.197914462834092,22.66755136880206,20.92950393879465,25.967810878181258
1.862645149230957e-09,5792.618751480198,32.16341564105367,31.954965715215106,21.73697538254117,20.82308204011706,26.831861237371175
1.862645149230957e-09,8192.0,33.020252224642746,32.85399953260657,21.030758137043108,20.687252777810617,27.523180179159617
3.725290298461914e-09,128.0,36.15919317163096,21.62080087565279,97.02688611958465,24.944642847711222,12.643803489862968
3.725290298461914e-09,181.01933598375618,30.779459567401144,17.37992120248414,61.15216779819898,17.368518271863813,7.2232038883996905
3.725290298461914e-09,256.0,27.439125138153848,15.797478084848562,38.50369152297765,15.530196719300102,5.948222594757767
3.725290298461914e-09,362.03867196751236,24.303769222557587,15.847522104988188,30.99766020162308,13.776998596501768,6.787741554344979
3.725290298461914e-09,512.0,21.587550145474065,15.978530924306446,21.595362237306254,12.5919800705122,7.889813418086093
3.725290298461914e-09,724.0773439350247,22.13315030518915,17.53316731196341,16.332300239744725,12.117441640634674,10.40879405264231
3.725290298461914e-09,1024.0,23.46679981275104,20.734742157919214,14.438578746228727,13.969002311036064,14.94487393394929
3.725290298461914e-09,1448.1546878700494,25.63100931610856,25.27553851247135,17.52125625645155,16.67863643890144,19.935768639148126
3.725290298461914e-09,2048.0,28.448212003825727,29.102787913130516,21.33148186280922,19.246351603975416,23.63788234130277
3.725290298461914e-09,2896.309375740099,30.57304900973805,30.944198129848466,22.448152547965304,20.807650056523745,25.629827300961136
3.725290298461914e-09,4096.0,31.893822544096444,31.922687095860525,21.766892210754428,21.022729231841208,26.732868955542834
3.725290298461914e-09,5792.618751480198,32.88162203789311,32.88455304661641,21.033773041491532,20.90249827540468,27.50049726355565
3.725290298461914e-09,8192.0,33.80014006405498,34.096195593230675,20.929368659262913,20.83442504824729,28.204281071107165
7.450580596923828e-09,128.0,33.769160994235456,20.045727330426768,82.77843481500261,21.49426380862037,9.776410871018255
7.450580596923828e-09,181.01933598375618,29.154528181182755,16.319619171065764,51.50518326158934,16.089559813085984,6.343665423416923
7.450580596923828e-09,256.0,26.281156473980907,15.801140519602408,36.1723784869374,15.206035276466048,6.238137920660608
7.450580596923828e-09,362.03867196751236,23.05084175437279,15.71812278848059,26.91600660540689,13.528312347626592,7.361132584586456
7.450580596923828e-09,512.0,21.68835856871986,16.425650453667,18.741399242893056,12.339102617043038,9.020862369369224
7.450580596923828e-09,724.0773439350247,22.97890166156972,18.84349148315394,14.713848752205156,12.94521245420177,12.76812909995236
7.450580596923828e-09,1024.0,24.618031533378304,22.914233734064258,15.343094642161144,15.462904466616678,17.814115858101147
7.450580596923828e-09,1448.1546878700494,27.214394490047063,27.5651736761226,19.39767388442501,18.1752558190922,22.341245278730014
7.450580596923828e-09,2048.0,29.737887254347495,30.420417017921483,21.743329553731332,20.260882249901,25.072191869040488
7.450580596923828e-09,2896.309375740099,31.50046469835301,31.821236559614977,21.723902678252497,21.12103294487723,26.565147012705207
7.450580596923828e-09,4096.0,32.69849267755705,32.90121948486343,21.04452630021715,21.11540719869203,27.48536288525371
7.450580596923828e-09,5792.618751480198,33.66809523626244,34.13524593380948,20.92557412951961,21.065495920882285,28.19588609444895
7.450580596923828e-09,8192.0,34.681357500858326,35.60697899674642,21.588824973530087,21.005891106348585,28.89927781654408
1.4901161193847656e-08,128.0,32.433058960534765,18.474242509743593,71.7131693136983,18.968088769817964,7.979439619745853
1.4901161193847656e-08,181.01933598375618,27.404243192345763,15.843963907972546,44.484091607521485,15.332526412292415,6.196491898023864
1.4901161193847656e-08,256.0,24.92189821049681,15.72512783156507,33.160400955605745,14.836769667406648,6.804211665319673
1.4901161193847656e-08,362.03867196751236,22.237458570268974,15.805994048694588,22.792762258859476,13.254177558470769,8.15640146058087
1.4901161193847656e-08,512.0,22.357258453347477,17.307163621553215,16.301104913631598,12.501676335348572,10.866512019307443
1.4901161193847656e-08,724.0773439350247,23.965472134036496,20.682387376481515,14.223712987105676,14.22543629866257,15.53290923610283
1.4901161193847656e-08,1024.0,26.045698880326963,25.41962163184536,17.083494918220712,17.056585308975812,20.601916011750905
1.4901161193847656e-08,1448.1546878700494,28.680120934327796,29.48010450801607,20.453438575497984,19.418704028522985,24.254675026188565
1.4901161193847656e-08,2048.0,30.893594418093365,31.56709046622696,21.414162251624372,20.931110589887197,26.26522613836207
1.4901161193847656e-08,2896.309375740099,32.42783845159454,32.88647743026146,21.038383025300718,21.299915774885864,27.459122707286465
1.4901161193847656e-08,4096.0,33.53825670150535,34.17584973668102,20.92761013529981,21.29133149885769,28.2228642408693
1.4901161193847656e-08,5792.618751480198,34.51811089817628,35.63173052389316,21.576798696128876,21.25867804349231,28.870758535063946
1.4901161193847656e-08,8192.0,35.683785312786014,37.332924740040895,22.94078058050746,21.10127668830094,29.506529042790095
